NZ_CP038996.1
39032 51180
121010 121130
126151 131939
155774 157163
157302 157464
206383 208278
219224 222399
223821 224008
239801 239897
243837 246945
247222 253635
254004 264612
270537 302060
303596 311661
314220 314348
330600 330724
416965 418031
428599 430381
447094 449783
463045 464376
534274 539744
542153 543206
549582 550913
585153 586674
724328 725849
773297 773990
774861 783150
783294 783423
794710 794900
796003 796094
796353 802767
832894 838165
840514 846967
848294 848453
910421 911950
976525 979081
983049 983431
983857 987064
997154 998221
1160950 1162501
1416701 1418591
1504832 1506722
1531276 1532824
1568409 1568653
1569135 1569509
1589917 1593295
1594340 1595709
1603943 1605009
1732020 1734572
1743598 1745119
1763707 1765228
1775302 1776603
1782640 1789958
1791530 1792197
1806798 1808580
1821987 1823326
1931857 1931978
1943771 1944836
1946266 1946855
1953411 1953472
1963279 1964800
1991589 1993592
2001086 2001935
2005660 2019155
2019662 2031858
2095703 2096768
2115385 2117275
2163056 2164577
2212375 2213749
2226787 2305179
2305266 2307362
2307568 2308642
2309234 2316942
2317585 2329702
2440662 2441729
2455712 2455835
2491788 2493471
2503598 2503876
2618659 2618900
2637229 2641510
2647219 2647545
2649172 2655826
2659190 2659393
NZ_CP038997.1
1 29463
31361 55466
56277 61626
62437 73298
74342 92723
94052 97231
99129 102144
102954 123020
