NZ_CP038996.1
39032 51180
121010 121130
126151 130878
157114 157165
157302 157464
206383 208278
219224 222399
223821 224008
234318 235791
239801 239897
243837 246945
247222 253635
254004 264612
270537 302060
303596 311661
314220 314348
330600 330724
416965 418031
447094 449783
463045 464376
476422 476545
534274 539744
542153 543206
549582 550913
585153 586674
724328 725849
773297 773990
774861 783150
783294 783423
794710 794900
796003 796094
796353 802767
832894 838165
840514 846968
848295 848453
910421 911950
976525 979890
983049 983431
983857 987064
1416701 1418591
1432540 1434061
1504832 1506722
1568409 1568653
1569135 1569509
1589917 1593295
1594340 1595709
1603943 1605009
1685820 1686575
1730681 1734572
1743598 1745119
1763707 1765228
1775302 1776603
1782640 1789958
1791530 1792197
1806798 1808580
1821987 1823326
1866650 1868162
1931857 1931978
1943771 1944836
1946266 1946855
1953411 1953472
1963279 1964800
1991589 1993592
2001086 2001935
2005660 2019155
2019662 2031858
2095703 2096768
2212375 2213749
2226787 2305179
2305266 2307362
2307568 2308642
2309401 2316942
2317585 2329702
2455712 2455835
2491788 2493471
2504379 2505323
2534904 2541613
2618659 2618900
2637229 2641510
2647219 2647545
2649172 2655826
2659190 2659393
2691537 2692128
NZ_CP038997.1
1 19218
21117 55466
56277 61626
62437 73298
74342 92719
94052 97230
99129 123020
