NODE_1_length_2027623_cov_44.190275	2027623	21124059	539
NODE_2_length_557694_cov_53.071509	557694	4012616	127
NODE_3_length_223476_cov_101.276715	223476	456848	9
NODE_4_length_140172_cov_37.161829	140172	1213938	19
NODE_5_length_62897_cov_74.026034	62897	171021	9
NODE_6_length_41991_cov_87.726393	41991	95378	6
NODE_7_length_31723_cov_213.337470	31723	499888	24
NODE_8_length_29580_cov_57.183878	29580	168435	5
NODE_9_length_12383_cov_107.938514	12383	51881	1
NODE_10_length_9373_cov_146.758532	9373	21027	3
NODE_11_length_3284_cov_266.337566	3284	10196	1
NODE_12_length_3276_cov_241.102763	3276	8822	1
NODE_13_length_446_cov_60.820972	446	92	0
NODE_14_length_386_cov_68.894260	386	41	0
NODE_15_length_375_cov_31.812500	375	42	0
NODE_16_length_356_cov_0.481728	356	0	0
NODE_17_length_332_cov_0.274368	332	0	0
NODE_18_length_311_cov_66.605469	311	45	0
NODE_19_length_266_cov_76.611374	266	40	0
NODE_20_length_249_cov_53.407216	249	11	0
NODE_21_length_243_cov_60.813830	243	21	0
NODE_22_length_228_cov_73.433526	228	7	0
NODE_23_length_224_cov_32.189349	224	11064	1
NODE_24_length_199_cov_271.888889	199	416	0
NODE_25_length_195_cov_29.892857	195	52	0
NODE_26_length_165_cov_26.409091	165	34	0
NODE_27_length_163_cov_30.490741	163	5	0
NODE_28_length_128_cov_136.301370	128	81	0
NODE_29_length_126_cov_32.957746	126	1443	1
NODE_30_length_124_cov_131.797101	124	247	0
NODE_31_length_113_cov_28.155172	113	470	1
NODE_32_length_111_cov_285.053571	111	1	1
NODE_33_length_77_cov_30.727273	77	0	0
NODE_34_length_62_cov_3.000000	62	0	0
NODE_35_length_62_cov_1.428571	62	0	0
NODE_36_length_56_cov_68.000000	56	187	44
*	0	0	263204
